37107287533902102798
46376937677490009712
74324986199524741059
91942213363574161572
23067588207539346171
89261670696623633820
28112879812849979408
44274228917432520321
47451445736001306439
70386486105843025439
62176457141856560629
64906352462741904929
92575867718337217661
58203565325359399008
80181199384826282014
35398664372827112653
86515506006295864861
71693888707715466499
54370070576826684624
53282654108756828443
36123272525000296071
45876576172410976447
17423706905851860660
81142660418086830619
51934325451728388641
62467221648435076201
15732444386908125794
55037687525678773091
18336384825330154686
80386287592878490201
78182833757993103614
16726320100436897842
48403098129077791799
87086987551392711854
59959406895756536782
69793950679652694742
41052684708299085211
65378607361501080857
35829035317434717326
94953759765105305946
88902802571733229619
25267680276078003013
36270218540497705585
24074486908231174977
91430288197103288597
34413065578016127815
23053081172816430487
11487696932154902810
63783299490636259666
67720186971698544312
95548255300263520781
76085327132285723110
37774242535411291684
23701913275725675285
29798860272258331913
18495701454879288984
38298203783031473527
34829543829199918180
40957953066405232632
29746152185502371307
41698116222072977186
62467957194401269043
23189706772547915061
86188088225875314529
11306739708304724483
82959174767140363198
97623331044818386269
42846280183517070527
55121603546981200581
32238195734329339946
75506164965184775180
62177842752192623401
32924185707147349566
99518671430235219628
73267460800591547471
76841822524674417161
97142617910342598647
87783646182799346313
10848802521674670883
71329612474782464538
62184073572399794223
66627891981488087797
60661826293682836764
85786944089552990653
66024396409905389607
64913982680032973156
16730939319872750275
94809377245048795150
78639167021187492431
15368713711936614952
40789923115535562561
44889911501440648020
41503128880339536053
81234880673210146739
82616570773948327592
22918802058777319719
77158542502016545090
72107838435069186155
20849603980134001723
53503534226472524250